0
0
0
-4
-8
-8
-8
4
20
42
62
84
104
106
106
88
64
28
-8
-44
-80
-104
-122
-124
-122
-104
-82
-46
-10
26
62
88
106
106
106
88
64
28
-8
-44
-80
-104
-122
-124
-122
-104
-82
-46
-10
26
62
88
106
106
106
88
64
28
-8
-44
-80
-104
-122
-124
-122
-104
-80
-44
-8
28
64
88
106
106
106
88
64
28
-8
-44
-80
-104
-122
-124
-122
-104
-80
-44
-8
28
64
88
106
106
106
88
62
26
-10
-46
-82
-104
-122
-124
-122
-104
-82
-46
-10
26
62
88
106
106
106
88
62
26
-10
-46
-82
-104
-122
-124
-122
-104
-80
-44
-8
28
64
88
106
106
106
88
64
28
-8
-44
-80
-104
-122
-124
-122
-104
-82
-46
-10
26
62
88
106
106
106
88
62
26
-10
-46
-82
-104
-122
-124
-122
-104
-82
-46
-10
26
62
88
106
106
106
88
62
26
-10
-46
-82
-104
-122
-124
-122
-104
-80
-44
-8
28
64
88
106
106
106
88
64
28
-8
-44
-80
