0
4
60
-13
66
88
12
88
66
-13
60
-1
-62
9
-69
-91
-14
-91
-69
9
-63
-2
59
-13
66
88
12
88
66
-13
59
-2
-63
9
-69
-91
-14
-91
-69
9
-63
-2
59
-13
66
88
12
88
66
-13
60
-1
-62
9
-69
-91
-14
-91
-69
9
-62
-1
60
-13
66
88
12
88
66
-13
60
-1
-62
9
-69
-91
-14
-91
-69
9
-63
-2
59
-13
66
88
12
88
66
-13
59
-2
-63
9
-69
-91
-14
-91
-69
9
-63
-2
59
-13
66
88
12
88
66
-13
60
-1
-62
9
-69
-91
-14
-91
-69
9
-62
-1
60
-13
66
88
12
88
66
-13
60
-1
-62
9
-69
-91
-14
-91
-69
9
-63
-2
59
-13
66
88
12
88
66
-13
59
-2
-63
9
-69
-91
-14
-91
-69
9
-63
-2
59
-13
66
88
12
88
66
-13
59
-2
-63
9
-69
-91
-14
-91
-69
9
-62
-1
60
-13
66
88
12
88
66
-13
60
-1
-62
9
-69
-91
-14
-91
-69
9
-63
