0
0
3
14
30
49
72
93
108
116
108
92
68
34
0
-35
-69
-93
-109
-117
-109
-93
-69
-35
-1
34
68
92
108
116
108
92
68
34
0
-35
-69
-93
-109
-117
-109
-93
-69
-35
-1
34
68
92
108
116
108
92
68
34
0
-35
-69
-93
-109
-117
-109
-93
-69
-35
0
34
68
92
108
116
108
92
68
34
0
-35
-69
-93
-109
-117
-109
-93
-69
-35
0
34
68
92
108
116
108
92
68
34
-1
-35
-69
-93
-109
-117
-109
-93
-69
-35
-1
34
68
92
108
116
108
92
68
34
-1
-35
-69
-93
-109
-117
-109
-93
-69
-35
-1
34
68
92
108
116
108
92
68
34
0
-35
-69
-93
-109
-117
-109
-93
-69
-35
-1
34
68
92
108
116
108
92
68
34
-1
-35
-69
-93
-109
-117
-109
-93
-69
-35
0
34
68
92
108
116
108
92
68
34
-1
-35
-69
-93
-109
-117
-109
-93
-69
-35
0
34
68
92
108
116
108
92
68
34
0
-35
-69
-93
-109
-117
-109
