0
143
-47
143
196
0
196
143
-47
143
0
-144
46
-144
-197
0
-197
-144
46
-144
-1
143
-47
143
196
0
196
143
-47
143
-1
-144
46
-144
-197
0
-197
-144
46
-144
-1
143
-47
143
196
0
196
143
-47
143
0
-144
46
-144
-197
0
-197
-144
46
-144
0
143
-47
143
196
0
196
143
-47
143
0
-144
46
-144
-197
0
-197
-144
46
-144
-1
143
-47
143
196
0
196
143
-47
143
-1
-144
46
-144
-197
0
-197
-144
46
-144
-1
143
-47
143
196
0
196
143
-47
143
0
-144
46
-144
-197
0
-197
-144
46
-144
0
143
-47
143
196
0
196
143
-47
143
0
-144
46
-144
-197
0
-197
-144
46
-144
-1
143
-47
143
196
0
196
143
-47
143
-1
-144
46
-144
-197
0
-197
-144
46
-144
-1
143
-47
143
196
0
196
143
-47
143
-1
-144
46
-144
-197
0
-197
-144
46
-144
0
143
-47
143
196
0
196
143
-47
143
0
-144
46
-144
-197
0
-197
-144
46
-144
-1
