54
55
46
29
17
-4
-24
-37
-53
-63
-62
-63
-53
-38
-25
-5
16
28
46
55
54
55
46
28
16
-5
-25
-38
-53
-63
-62
-63
-53
-38
-25
-5
16
28
46
55
54
55
46
29
17
-4
-24
-37
-53
-63
-62
-63
-53
-37
-24
-4
17
29
46
55
54
55
46
29
17
-4
-24
-37
-53
-63
-62
-63
-53
-38
-25
-5
16
28
46
55
54
55
46
28
16
-5
-25
-38
-53
-63
-62
-63
-53
-38
-25
-5
16
28
46
55
54
55
46
29
17
-4
-24
-37
-53
-63
-62
-63
-53
-37
-24
-4
17
29
46
55
54
55
46
29
17
-4
-24
-37
-53
-63
-62
-63
-53
-38
-25
-5
16
28
46
55
54
55
46
28
16
-5
-25
-38
-53
-63
-62
-63
-53
-38
-25
-5
16
28
46
55
54
55
46
28
16
-5
-25
-38
-53
-63
-62
-63
-53
-37
-24
-4
17
29
46
55
54
55
46
29
17
-4
-24
-37
-53
-63
-62
-63
